"# ",514.5,502.67,1500,.288,427,-.0246,0,160.064,620.002,50,60,4
2888.563,26211.67
2889.428,26156
2890.292,26162.67
2891.157,26127.67
2892.021,26205
2892.885,26195.33
2893.75,26212.33
2894.613,26184
2895.477,26143.67
2896.341,26217
2897.205,26223.33
2898.068,26152.33
2898.931,26220
2899.795,26113.67
2900.658,26222
2901.521,26164
2902.384,26162.33
2903.246,26202
2904.109,26225.67
2904.971,26222.33
2905.834,26178.67
2906.696,26198.33
2907.558,26214
2908.42,26201
2909.282,26189
2910.144,26141
2911.006,26228.33
2911.867,26262.67
2912.729,26271.67
2913.59,26343.67
2914.451,26330.67
2915.312,26327.67
2916.173,26277.33
2917.034,26328
2917.895,26332
2918.755,26267
2919.616,26378
2920.476,26233.33
2921.336,26235.33
2922.196,26266.33
2923.056,26359
2923.916,26287
2924.776,26338.33
2925.635,26330.33
2926.495,26329
2927.354,26311
2928.213,26267.67
2929.073,26295.33
2929.931,26313.67
2930.79,26321.33
2931.649,26299
2932.508,26341
2933.366,26306.67
2934.225,26315
2935.083,26352.67
2935.941,26348
2936.799,26404.67
2937.657,26367
2938.515,26411.67
2939.372,26428
2940.23,26383.33
2941.087,26381.33
2941.945,26376.67
2942.802,26435
2943.659,26390.67
2944.516,26468.33
2945.373,26453
2946.229,26488.67
2947.086,26478.33
2947.942,26472.33
2948.799,26429
2949.655,26486
2950.511,26508
2951.367,26516
2952.223,26501
2953.079,26419
2953.934,26558.67
2954.79,26499.33
2955.645,26522
2956.5,26547.33
2957.355,26517
2958.21,26503
2959.065,26540
2959.92,26521.33
2960.775,26590.67
2961.629,26477.33
2962.483,26583.67
2963.338,26546.33
2964.192,26574
2965.046,26547
2965.9,26638
2966.754,26647
2967.607,26695.33
2968.461,26574.67
2969.314,26647.67
2970.168,26613.67
2971.021,26643.33
2971.874,26591.67
2972.727,26512.33
2973.58,26566.33
2974.432,26694.33
2975.285,26682
2976.137,26678
2976.99,26713
2977.842,26804.67
2978.694,26739.33
2979.546,26748.67
2980.398,26717
2981.25,26747.67
2982.101,26711
2982.953,26780.33
2983.804,26727.67
2984.656,26822
2985.507,26803.67
2986.358,26806.67
2987.209,26834
2988.06,26830
2988.91,26772.67
2989.761,26885.33
2990.611,26855
2991.461,26832
2992.312,26922
2993.162,26880.33
2994.012,26910.33
2994.861,26925
2995.711,26948.33
2996.561,26900.33
2997.41,26937.33
2998.26,26966.33
2999.109,27004.67
2999.958,26947.33
3000.807,27037.33
3001.656,27043.67
3002.504,27079
3003.353,27020.33
3004.202,27018
3005.05,27100.33
3005.898,27044
3006.746,27147.33
3007.594,27109
3008.442,27213.67
3009.29,27179.33
3010.138,27193
3010.985,27182.67
3011.833,27249.67
3012.68,27255.33
3013.527,27278.67
3014.374,27274
3015.221,27310
3016.068,27217
3016.915,27345.67
3017.761,27358.67
3018.608,27372.67
3019.454,27415
3020.301,27400.67
3021.147,27413
3021.993,27392.33
3022.838,27457
3023.684,27432.33
3024.53,27483.67
3025.375,27539.33
3026.221,27470
3027.066,27520.67
3027.911,27545.67
3028.756,27570.67
3029.601,27522.67
3030.446,27640.67
3031.291,27620.67
3032.135,27697
3032.979,27646.33
3033.824,27710.33
3034.668,27768.33
3035.512,27778.33
3036.356,27807.67
3037.2,27757
3038.044,27792.67
3038.887,27831
3039.731,27895.33
3040.574,27868.67
3041.417,27844.67
3042.26,27988.33
3043.104,27960.33
3043.947,27967.67
3044.789,27999.33
3045.632,28118.67
3046.474,28076
3047.317,28063.33
3048.159,28125.33
3049.001,28158.33
3049.844,28161
3050.685,28160
3051.527,28235.33
3052.369,28174.33
3053.21,28319.33
3054.052,28318.33
3054.893,28315.67
3055.734,28331.67
3056.576,28415.33
3057.417,28302.33
3058.257,28376.67
3059.098,28440.67
3059.939,28479
3060.779,28497.33
3061.62,28588
3062.46,28463
3063.3,28492
3064.14,28569
3064.98,28650.33
3065.82,28637
3066.659,28713.33
3067.499,28684.33
3068.339,28767
3069.178,28736.67
3070.017,28741.67
3070.856,28766
3071.695,28794.67
3072.534,28867.33
3073.373,28859
3074.211,28958
3075.05,28949
3075.888,29025.33
3076.726,29060
3077.564,29035.67
3078.403,29107.33
3079.24,29085
3080.078,29189
3080.916,29176.33
3081.753,29192.67
3082.591,29258
3083.428,29329.67
3084.265,29220.67
3085.103,29257.67
3085.939,29326.33
3086.776,29260.33
3087.613,29383
3088.449,29354.33
3089.286,29466.33
3090.122,29458.33
3090.958,29522
3091.795,29481
3092.631,29484.33
3093.467,29590.67
3094.302,29630.67
3095.138,29658.33
3095.974,29664.33
3096.809,29673
3097.644,29802
3098.479,29770.33
3099.314,29810.33
3100.149,29850.67
3100.984,29871.67
3101.819,29870.67
3102.654,29959.33
3103.488,29971.33
3104.322,30017.33
3105.156,30089.67
3105.991,30167
3106.825,30206.33
3107.659,30171.33
3108.492,30277.33
3109.326,30162
3110.159,30210.33
3110.993,30251.67
3111.826,30289
3112.659,30296.67
3113.492,30340.33
3114.325,30381.33
3115.158,30387
3115.991,30378
3116.823,30395.33
3117.656,30505.33
3118.488,30533.67
3119.321,30539.67
3120.153,30646.33
3120.985,30683
3121.816,30663.33
3122.648,30685
3123.48,30775.67
3124.311,30823
3125.143,30785.33
3125.974,30805
3126.805,30804
3127.636,30850
3128.467,30855.67
3129.298,31000.33
3130.129,30992.67
3130.959,30983
3131.79,31056
3132.62,31097.67
3133.45,31077.33
3134.281,31190
3135.11,31184
3135.94,31280.33
3136.77,31269.67
3137.6,31305.67
3138.429,31445
3139.259,31311.33
3140.088,31412
3140.917,31446.33
3141.746,31465.67
3142.575,31543.67
3143.404,31584
3144.232,31564
3145.061,31587.33
3145.89,31709.33
3146.718,31732.67
3147.546,31732.67
3148.374,31744.33
3149.202,31793.33
3150.03,31812.33
3150.858,31893.67
3151.686,31856
3152.513,31948.67
3153.341,31919.67
3154.168,32047.33
3154.995,32028
3155.822,32008.67
3156.649,32094.67
3157.476,32125.33
3158.302,32100.67
3159.129,32228.67
3159.956,32206
3160.782,32236.67
3161.608,32217.67
3162.434,32278.33
3163.26,32353
3164.086,32372.67
3164.912,32449.67
3165.738,32437
3166.563,32554.33
3167.388,32455.67
3168.214,32423.67
3169.039,32505
3169.864,32544.67
3170.689,32586.67
3171.514,32603
3172.338,32673.67
3173.163,32694
3173.988,32746.33
3174.812,32707
3175.636,32798.67
3176.46,32864.67
3177.284,32863
3178.108,32850.33
3178.932,32871
3179.756,32947
3180.579,32927.67
3181.403,32998
3182.226,33040.67
3183.049,33059.33
3183.872,32845.67
3184.695,33028.67
3185.518,33099.67
3186.341,33110.33
3187.163,33209.67
3187.986,33142
3188.808,33210.33
3189.631,33265.33
3190.453,33308.67
3191.275,33336
3192.097,33315
3192.918,33315.67
3193.74,33335.67
3194.562,33410.67
3195.383,33343.67
3196.204,33412.67
3197.026,33494.33
3197.847,33464
3198.668,33440.33
3199.489,33515.33
3200.309,33562.33
3201.13,33610.33
3201.95,33656
3202.771,33715.67
3203.591,33644.67
3204.411,33654.33
3205.231,33691.67
3206.051,33634.67
3206.871,33746.67
3207.691,33684.67
3208.51,33773
3209.33,33761
3210.149,33789
3210.969,33821
3211.788,33803
3212.607,33809.67
3213.426,33756.33
3214.244,33897.67
3215.063,33785
3215.881,33932.33
3216.7,33895.67
3217.518,33964.33
3218.336,34015.67
3219.155,33942.33
3219.972,33918
3220.79,33994
3221.608,33995.33
3222.426,33988.33
3223.243,33980.67
3224.061,34024.67
3224.878,34031.33
3225.695,33945.33
3226.512,34062.33
3227.329,34082.67
3228.146,34087.33
3228.962,34109
3229.779,34011.67
3230.595,34191.67
3231.412,34171
3232.228,34112.33
3233.044,34224.33
3233.86,34277.33
3234.676,34239.67
3235.491,34241.33
3236.307,34289.67
3237.123,34299.33
3237.938,34317
3238.753,34179.67
3239.569,34355
3240.384,34249.67
3241.199,34215.33
3242.013,34325
3242.828,34304
3243.643,34292.67
3244.457,34306
3245.272,34369
3246.086,34268.33
3246.9,34304.67
3247.714,34384.67
3248.528,34378
3249.342,34330.67
3250.156,34406.67
3250.969,34371.33
3251.782,34372.67
3252.596,34435.33
3253.409,34473.67
3254.222,34403.67
3255.035,34441.33
3255.848,34452.67
3256.661,34438
3257.473,34497.67
3258.286,34597
3259.098,34545.33
3259.91,34518.67
3260.723,34603.67
3261.535,34488
3262.347,34637
3263.158,34550.33
3263.97,34641.67
3264.782,34517
3265.593,34607.67
3266.405,34587.33
3267.216,34602
3268.027,34517.33
3268.838,34557
3269.649,34566.33
3270.46,34587.67
3271.271,34600
3272.081,34648.33
3272.891,34560.33
3273.702,34647.33
3274.512,34590.67
3275.322,34684.67
3276.132,34583.33
3276.942,34767.67
3277.752,34695
3278.561,34725
3279.371,34705
3280.18,34788.67
3280.99,34729.33
3281.799,34735
3282.608,34707.33
3283.417,34785
3284.226,34829.67
3285.034,34748.67
3285.843,34806.67
3286.651,34866.67
3287.46,34813.33
3288.268,34881
3289.076,34812
3289.884,34907.67
3290.692,34865.33
3291.5,34966.67
3292.308,34957.33
3293.115,34970.33
3293.923,35024.67
3294.73,34902.33
3295.537,34835.33
3296.344,34954.67
3297.151,34878
3297.958,34972.33
3298.765,34965.33
3299.572,34914.67
3300.378,34966.67
3301.185,35017.67
3301.991,34997.33
3302.797,34970.67
3303.603,34980.67
3304.409,35018
3305.215,35035.33
3306.021,35019.33
3306.826,35095.67
3307.632,35066
3308.437,35128
3309.242,35145.33
3310.048,35201.67
3310.853,35209
3311.658,35206.33
3312.462,35214.67
3313.267,35292.67
3314.072,35229.67
3314.876,35271.33
3315.681,35279
3316.485,35252.67
3317.289,35236.33
3318.093,35318.33
3318.897,35225.33
3319.701,35384
3320.504,35367.33
3321.308,35293.67
3322.111,35300.67
3322.915,35350
3323.718,35414
3324.521,35341.33
3325.324,35497.33
3326.127,35429.33
3326.93,35397.67
3327.732,35474
3328.535,35484
3329.337,35524.33
3330.14,35471.33
3330.942,35553.67
3331.744,35455.67
3332.546,35669.33
3333.348,35546.33
3334.149,35559.33
3334.951,35588.67
3335.753,35550
3336.554,35632
3337.355,35614.67
3338.156,35639
3338.958,35736
3339.758,35623
3340.559,35637.67
3341.36,35566.67
3342.161,35650.67
3342.961,35783.33
3343.761,35701.67
3344.562,35701.67
3345.362,35648
3346.162,35780.67
3346.962,35660
3347.761,35853.67
3348.561,35848
3349.361,35810
3350.16,35857
3350.959,35805.67
3351.759,35925
3352.558,35829.33
3353.357,35892.67
3354.156,35885
3354.955,35775
3355.753,35886
3356.552,35803
3357.35,35980.67
3358.149,35932
3358.947,35888
3359.745,35981.67
3360.543,35916.33
3361.341,35992
3362.138,35915.33
3362.936,35964.67
3363.734,35891.67
3364.531,35926.67
3365.328,35970.67
3366.125,36019
3366.923,36001.33
3367.719,36034
3368.516,35964
3369.313,36082.33
3370.11,36069.67
3370.906,36297
3371.703,36143.33
3372.499,36118.33
3373.295,36172
3374.091,36069.33
3374.887,36149
3375.683,36148
3376.479,36150.67
3377.274,36114
3378.07,36156.33
3378.865,36206.67
3379.66,36133.67
3380.456,36167.67
3381.25,36187.33
3382.045,36239.67
3382.84,36209.33
3383.635,36187
3384.429,36234.33
3385.224,36162.67
3386.018,36227.67
3386.813,36280.33
3387.607,36261.67
3388.401,36282.33
3389.195,36164
3389.989,36237
3390.782,36213.33
3391.576,36260.67
3392.369,36258
3393.162,36207.67
3393.956,36374
3394.749,36166.33
3395.542,36384.67
3396.335,36256
3397.127,36340.33
3397.92,36279.67
3398.713,36344.33
3399.505,36245
3400.297,36329
3401.09,36293.33
3401.882,36453.33
3402.674,36313.33
3403.466,36377.33
3404.257,36309
3405.049,36382
3405.84,36315.67
3406.632,36285.67
3407.423,36347.67
3408.214,36340.67
3409.005,36282.33
3409.796,36390.67
3410.587,36339.67
3411.378,36442.33
3412.169,36285.67
3412.959,36415.67
3413.75,36390.33
3414.54,36326.33
3415.33,36415.33
3416.12,36456
3416.91,36455
3417.7,36363
3418.49,36372
3419.279,36380.67
3420.069,36385.67
3420.858,36377.33
3421.647,36375
3422.437,36395
3423.226,36385
3424.015,36310
3424.803,36387
3425.592,36304.67
3426.381,36375
3427.169,36348
3427.958,36341
3428.746,36404.67
3429.534,36303.33
3430.322,36374.33
3431.11,36293
3431.898,36324.67
3432.686,36379.33
3433.473,36278.67
3434.26,36387
3435.048,36352.33
3435.835,36365.67
3436.622,36347.67
3437.409,36395.33
3438.196,36369
3438.983,36346.67
3439.77,36274
3440.556,36341.33
3441.343,36277
3442.129,36293.67
3442.915,36301.33
3443.701,36246
3444.488,36176
3445.273,36230.33
3446.059,36275
3446.845,36217.67
3447.631,36123.33
3448.416,36160.33
3449.201,36079
3449.987,36180.67
3450.772,36129.33
3451.557,36104
3452.342,36101.67
3453.126,36133
3453.911,36163
3454.696,35978.33
3455.48,36144.67
3456.264,36051.33
3457.049,35986.33
3457.833,36010.67
3458.617,35919.33
3459.401,36041
3460.184,35996.67
3460.968,35909.67
3461.752,36011.33
3462.535,35950.33
3463.318,35905.33
3464.102,35920
3464.885,35819
3465.668,35888.67
3466.451,35829.33
3467.233,35860
3468.016,35779
3468.799,35763
3469.581,35710.67
3470.364,35769
3471.146,35737.67
3471.928,35739.67
3472.71,35662.67
3473.492,35639.33
3474.273,35628
3475.055,35574.33
3475.837,35505
3476.618,35422
3477.399,35481.33
3478.181,35421.67
3478.962,35461
3479.743,35458.67
3480.523,35460
3481.304,35417.33
3482.085,35397.33
3482.865,35268
3483.646,35438.67
3484.426,35307.67
3485.207,35367
3485.987,35237.33
3486.767,35316
3487.546,35302.67
3488.326,35154.33
3489.106,35200.67
3489.885,35135
3490.665,35074.33
3491.444,35132
3492.223,35084
3493.002,35080.33
3493.781,35087
3494.56,34940.67
3495.339,35037
3496.118,34908.33
3496.896,35021
3497.675,34831.67
3498.453,34868
3499.231,34870.67
3500.009,34805.33
3500.787,34879.33
3501.565,34783.67
3502.343,34723
3503.121,34819
3503.898,34697
3504.676,34658
3505.453,34626
3506.23,34595.67
3507.007,34645
3507.784,34582.33
3508.561,34640
3509.338,34506.67
3510.115,34397.33
3510.891,34473.33
3511.667,34523
3512.444,34427
3513.22,34484.33
3513.996,34283.67
3514.772,34388.33
3515.548,34225.33
3516.324,34312.67
3517.099,34279.33
3517.875,34220.67
3518.65,34176
3519.426,34139
3520.201,34102.67
3520.976,34213
3521.751,34159
3522.526,34071
3523.301,34085.67
3524.075,34102.33
3524.85,34058.33
3525.624,34012
3526.399,33901.67
3527.173,33994
3527.947,33999
3528.721,33848.67
3529.495,33883.33
3530.269,33831
3531.042,33813
3531.816,33769
3532.589,33863.33
3533.363,33726
3534.136,33669.33
3534.909,33636.67
3535.682,33699.67
3536.455,33592.67
3537.228,33539.33
3538,33587
3538.773,33593
3539.545,33534.33
3540.318,33501.67
3541.09,33502
3541.862,33404.33
3542.634,33474
3543.406,33384.67
3544.178,33387
3544.949,33397.67
3545.721,33344.33
3546.492,33350
3547.264,33396.33
3548.035,33381.67
3548.806,33267
3549.577,33318.33
3550.348,33129
3551.119,33163.33
3551.889,33161
3552.66,33219.67
3553.43,33081
3554.201,33070.33
3554.971,33113.33
3555.741,33055.33
3556.511,33002
3557.281,33077.67
3558.051,32956.33
3558.821,32914
3559.59,32899.67
3560.36,32891.33
3561.129,32825.33
3561.898,32891
3562.667,32784.33
3563.437,32802
3564.206,32810
3564.974,32673
3565.743,32721.67
3566.511,32699
3567.28,32741.33
3568.048,32563.67
3568.817,32644.33
3569.585,32637.67
3570.353,32605.33
3571.121,32540
3571.889,32550
3572.656,32595.67
3573.424,32513
3574.191,32473.33
3574.959,32510.67
3575.726,32407
3576.493,32482
3577.26,32529.33
3578.027,32344.67
3578.794,32455.67
3579.561,32296.33
3580.327,32329.33
3581.094,32364.33
3581.86,32338
3582.627,32254
3583.393,32342.33
3584.159,32267.33
3584.925,32252.33
3585.691,32197
3586.457,32243
3587.222,32204.33
3587.988,32167.67
3588.753,32142.33
3589.518,32112.67
3590.283,32070
3591.049,32047.33
3591.813,32081
3592.578,32000
3593.343,32030.67
3594.108,32050.67
3594.872,31995
3595.637,31974.67
3596.401,31833.67
3597.165,31937.33
3597.929,31750.33
3598.693,31839.67
3599.457,31800.33
3600.221,31767.67
3600.985,31760
3601.748,31769.33
3602.512,31642.67
3603.275,31745.67
3604.038,31661
3604.801,31637
3605.564,31679.67
3606.327,31619.33
3607.09,31532.67
3607.853,31588.33
3608.615,31510.33
3609.378,31564.67
3610.14,31403.67
3610.902,31497
3611.665,31584.67
3612.427,31436
3613.188,31361.33
3613.95,31405
3614.712,31363.67
3615.474,31423.67
3616.235,31379
3616.996,31289
3617.758,31353.33
3618.519,31271
3619.28,31225
3620.041,31271
3620.802,31167.33
3621.562,31245.33
3622.323,31228
3623.083,31194.33
3623.844,31124.67
3624.604,31149.67
3625.364,31014
3626.124,31073.33
3626.884,30955
3627.644,30948.67
3628.404,30926
3629.163,30995.67
3629.923,30927.33
3630.682,30861
3631.442,30854.67
3632.201,30871.67
3632.96,30834.33
3633.719,30810.67
3634.478,30853
3635.237,30722.67
3635.995,30763
3636.754,30711.33
3637.512,30690
3638.271,30730
3639.029,30616.33
3639.787,30612.33
3640.545,30615
3641.303,30568
3642.061,30551
3642.818,30617.67
3643.576,30426
3644.333,30517.33
3645.091,30382
3645.848,30514.67
3646.605,30401
3647.362,30365.67
3648.119,30328
3648.875,30362
3649.632,30342
3650.389,30275.67
3651.145,30228
3651.902,30185.67
3652.658,30182
3653.414,30133.67
3654.17,30201.33
3654.926,30090.67
3655.682,30164
3656.438,29988.67
3657.193,30100.33
3657.949,30021.67
3658.704,29968.33
3659.459,29996.33
3660.215,29965
3660.97,29981
3661.725,29947.33
3662.479,29919.67
3663.234,29925.67
3663.989,29888
3664.743,29777.67
3665.498,29860.67
3666.252,29787.67
3667.006,29856
3667.76,29817.67
3668.514,29718.67
3669.268,29799
3670.022,29823.67
3670.776,29637.33
3671.529,29636.33
3672.283,29686
3673.036,29658
3673.789,29747.67
3674.542,29569.33
3675.295,29596.33
3676.048,29588.67
3676.801,29555.67
3677.554,29561.33
3678.306,29704
3679.059,29525.33
3679.811,29574
3680.563,29613.33
3681.316,29528.67
3682.068,29570
3682.82,29525.33
3683.572,29549
3684.323,29471.67
3685.075,29570
3685.826,29494.33
3686.578,29517.67
3687.329,29460.67
3688.08,29543.67
3688.831,29567.67
3689.582,29442.67
3690.333,29510.33
3691.084,29483.33
3691.834,29494
3692.585,29485.67
3693.335,29509.33
3694.086,29420.33
3694.836,29517.33
3695.586,29368
3696.336,29387.33
3697.086,29462.67
3697.836,29412.67
3698.585,29519.33
3699.335,29388.67
3700.084,29386.33
3700.834,29345.33
3701.583,29474.33
3702.332,29371
3703.081,29419.33
3703.83,29345.33
3704.579,29401.33
3705.328,29476.33
3706.076,29354
3706.825,29369
3707.573,29452.33
3708.321,29364
3709.07,29496
3709.818,29423
3710.565,29375.67
3711.313,29518.33
3712.061,29457
